60 100  
0 0 0 0 0 0 0 4 0 6 0 0 0 0 0 0 0 0 8 0 18 0 0 0 0 0 0 2 0 0 0 0 0 0 0 15 0 0 0 0 0 12 0 0 0 0 0 0 0 19 0 0 0 0 0 0 0 0 0 0 0 11 0 0 0 0 3 0 0 0 0 1 9 20 0 0 0 0 5 16 0 14 0 13 0 0 0 0 0 10 0 0 0 0 0 0 0 7 17 0 
0 0 0 0 0 0 0 0 12 0 6 0 0 0 0 0 0 0 3 0 0 0 0 0 0 0 0 0 0 13 0 9 7 0 0 15 1 0 0 0 0 0 0 0 0 0 0 0 11 0 0 0 0 0 0 10 0 0 0 0 0 0 0 20 17 2 0 0 0 0 0 14 0 0 0 8 0 0 4 0 18 0 0 0 0 0 0 0 0 0 0 0 0 19 5 16 0 0 0 0 
9 0 0 0 0 11 0 0 0 0 0 0 0 0 0 0 0 0 0 0 0 0 0 8 0 0 2 0 0 0 0 0 0 0 14 0 0 0 0 0 0 0 0 0 0 13 18 0 0 0 0 15 5 0 0 0 19 4 0 0 6 0 0 0 0 0 16 0 0 0 0 12 0 0 0 0 0 0 17 7 0 10 0 0 1 0 0 0 0 0 3 0 0 0 0 20 0 0 0 0 
0 0 0 0 0 2 0 0 14 0 0 18 10 0 0 0 0 0 0 0 0 0 0 9 0 0 12 17 0 0 0 0 0 0 0 0 0 0 0 0 5 8 0 0 0 0 0 0 0 0 0 0 0 3 0 0 0 0 0 16 0 0 0 0 11 4 0 0 0 0 0 0 0 0 7 6 13 0 0 0 0 0 0 0 1 0 0 0 19 0 0 0 0 15 0 0 0 20 0 0 
0 0 8 0 0 2 0 0 0 0 0 0 5 0 0 0 4 7 0 0 0 0 0 0 0 0 0 0 0 0 0 0 0 0 0 14 1 0 0 20 0 0 0 0 0 0 0 0 0 0 0 0 0 0 12 0 0 0 0 0 0 0 0 0 0 19 0 15 0 0 0 11 17 0 3 16 0 0 0 0 0 0 0 0 0 10 0 0 0 0 18 0 0 6 13 0 0 0 0 9 
0 10 0 16 0 0 0 0 0 0 18 0 0 0 0 0 0 0 0 11 0 0 0 0 0 14 0 2 0 0 0 0 0 0 0 0 0 6 0 0 0 0 0 0 8 0 0 0 4 7 0 0 0 0 0 0 12 0 0 0 9 0 0 3 13 0 0 20 17 0 5 0 0 0 19 15 0 0 0 0 0 0 0 0 0 0 0 0 0 0 0 0 0 0 0 0 0 0 1 0 
0 1 0 0 0 0 0 0 0 12 0 17 0 13 0 0 5 0 0 9 0 0 0 0 0 0 0 0 0 11 0 0 7 0 0 0 0 19 0 0 0 0 0 0 0 0 0 2 0 0 0 0 0 0 0 0 0 0 0 0 16 0 0 0 0 0 0 0 10 0 14 6 0 0 0 4 0 0 15 0 0 0 0 20 0 0 0 8 0 0 0 0 3 0 18 0 0 0 0 0 
0 0 0 0 9 0 0 0 0 0 0 0 0 7 0 0 0 11 0 0 0 0 0 0 14 2 0 1 18 15 0 0 0 0 0 0 0 0 4 3 0 0 19 0 0 0 0 0 16 0 0 0 0 5 0 13 0 0 0 0 0 0 0 0 6 0 0 0 0 0 0 0 0 0 0 0 0 12 0 0 0 0 0 0 0 0 17 0 10 0 0 0 0 8 20 0 0 0 0 0 
0 20 0 0 0 0 0 0 0 0 5 0 0 0 0 0 0 0 0 19 0 0 0 0 0 0 0 0 0 0 0 0 0 0 0 0 0 0 11 0 0 0 0 0 0 4 0 0 0 0 0 0 0 0 0 9 7 14 0 0 17 0 0 10 18 0 0 0 0 16 0 0 0 0 12 0 0 2 0 0 15 0 1 0 0 0 0 0 0 0 0 3 8 6 0 13 0 0 0 0 
0 0 0 2 0 0 6 0 0 0 0 0 0 0 10 13 0 0 0 0 0 0 14 0 0 0 0 0 0 0 0 15 4 0 0 0 0 0 5 0 0 0 0 0 0 0 11 0 0 19 0 0 0 0 1 0 0 0 0 0 0 16 7 0 0 9 0 0 0 0 20 0 12 0 0 0 0 3 0 0 0 0 0 0 0 0 0 0 0 0 8 18 0 0 0 0 17 0 0 0 
9 0 10 0 0 0 0 0 0 0 0 0 0 0 1 0 6 15 0 0 0 0 13 0 0 0 0 0 0 0 0 0 0 0 0 0 0 20 0 0 0 7 0 0 18 0 0 0 0 0 0 0 0 0 0 0 0 3 16 0 0 0 0 0 0 0 0 0 0 0 4 0 0 0 0 0 0 8 0 0 0 0 0 0 0 0 0 0 12 19 11 17 0 0 2 0 14 0 0 5 
0 0 1 0 0 6 0 0 0 0 0 0 0 0 0 0 9 0 3 0 0 0 0 0 0 0 0 0 0 0 2 0 0 14 0 0 0 0 0 13 0 0 0 0 0 0 0 0 0 0 10 0 0 0 20 0 0 12 0 0 17 0 0 16 0 0 7 4 0 0 0 0 5 0 15 0 8 0 0 0 0 11 0 0 0 18 0 0 0 0 0 0 0 0 0 0 0 0 19 0 
0 0 0 0 0 0 12 0 4 10 0 0 0 0 0 8 0 0 0 0 0 14 0 0 0 0 0 0 0 0 0 0 0 0 0 0 0 0 0 0 3 0 5 0 0 17 0 0 13 0 0 11 0 0 9 1 0 0 0 2 0 0 0 19 0 0 0 0 0 0 0 0 0 0 0 16 20 0 0 0 0 0 0 6 0 0 0 0 0 7 15 0 0 0 0 0 0 18 0 0 
0 0 5 0 0 0 0 0 0 18 0 0 0 0 0 0 0 0 0 8 0 0 14 0 0 0 19 13 9 0 0 6 0 0 0 0 0 0 0 0 0 0 16 3 0 0 0 0 17 0 12 0 0 20 4 0 0 0 0 0 0 0 0 0 0 0 0 0 0 0 10 0 0 0 0 1 0 0 0 2 0 11 0 0 0 0 0 0 0 15 0 7 0 0 0 0 0 0 0 0 
14 0 0 19 0 0 3 17 0 0 0 0 0 0 0 0 0 0 0 9 0 0 0 0 6 0 0 0 0 0 0 2 4 16 0 0 0 0 8 0 0 0 0 0 0 10 0 0 20 0 0 0 0 0 0 0 0 11 0 0 0 18 7 5 0 13 0 0 0 0 0 0 0 0 0 0 0 0 0 0 0 15 12 0 1 0 0 0 0 0 0 0 0 0 0 0 0 0 0 0 
0 0 0 1 0 20 0 0 2 0 0 0 0 0 0 0 14 0 4 0 0 0 0 0 0 0 3 0 19 0 0 0 0 0 10 0 16 9 15 0 0 0 0 5 0 12 0 0 0 0 0 0 0 18 0 0 0 0 0 0 0 0 13 0 0 0 0 0 0 0 0 0 0 0 0 0 0 0 0 0 0 0 0 0 11 0 0 7 17 0 6 8 0 0 0 0 0 0 0 0 
9 0 0 15 0 0 0 0 0 0 0 0 0 0 0 1 0 0 0 16 8 20 0 0 0 0 0 0 0 0 0 0 0 0 4 2 0 0 0 17 0 0 0 0 0 0 0 0 3 0 0 0 0 0 0 0 0 0 0 0 0 0 0 12 0 0 0 0 19 0 0 13 0 0 11 5 0 0 0 0 0 0 0 6 0 0 0 14 0 18 0 0 0 0 0 0 0 0 10 7 
7 2 8 0 16 0 0 0 0 14 20 0 0 0 0 0 0 0 0 0 0 0 0 0 0 1 0 0 0 0 0 0 6 0 0 0 0 0 19 0 0 0 0 0 0 3 0 18 0 0 9 0 0 0 0 0 17 0 0 0 0 0 0 11 0 0 10 0 0 0 15 4 0 0 0 0 0 0 0 0 0 13 0 0 0 0 0 0 12 0 0 0 0 0 0 0 0 0 5 0 
0 0 16 0 0 0 0 0 12 0 0 0 0 0 0 6 1 0 0 0 0 11 0 2 0 3 0 0 0 0 0 13 0 0 17 0 0 0 0 0 9 0 0 0 0 0 0 0 0 0 0 10 18 0 0 0 0 0 0 5 0 0 0 0 0 0 0 0 0 0 0 0 8 7 0 20 0 0 4 0 0 0 0 0 0 0 0 0 15 19 0 0 0 0 0 14 0 0 0 0 
0 0 0 0 7 0 0 0 0 0 0 0 0 0 0 0 0 0 0 0 0 0 0 0 0 0 4 0 0 0 0 0 15 0 0 0 0 3 0 0 0 0 0 0 10 0 0 0 8 5 0 0 0 0 9 0 0 0 2 17 0 0 0 0 19 0 0 13 6 0 0 0 0 0 16 0 0 12 0 0 0 11 0 0 0 20 0 0 0 18 0 1 0 0 0 0 14 0 0 0 
5 0 0 0 7 0 0 20 0 0 0 0 0 0 0 8 0 0 0 0 0 0 0 11 0 0 6 0 0 0 0 17 0 15 3 0 0 0 0 0 0 0 0 18 0 0 2 0 19 0 0 0 0 0 10 4 14 0 0 0 0 0 0 0 0 0 0 0 1 0 0 12 0 0 0 0 0 0 0 16 0 9 0 0 0 13 0 0 0 0 0 0 0 0 0 0 0 0 0 0 
0 0 0 0 4 0 14 0 0 0 0 0 0 0 10 0 6 0 0 0 0 0 0 0 0 0 0 0 16 0 0 0 0 0 1 0 0 0 0 0 0 0 0 13 0 3 0 15 0 0 0 0 0 0 11 19 0 0 0 18 0 0 7 0 0 0 0 0 0 12 0 0 0 9 0 0 0 0 0 0 8 0 0 20 0 2 0 0 0 0 0 0 0 0 0 5 0 0 17 0 
0 16 0 0 0 10 0 0 0 0 4 0 0 0 0 0 0 0 0 0 14 0 0 0 0 0 0 0 0 0 19 0 5 0 0 0 13 0 0 0 15 0 12 11 9 17 0 2 0 0 0 0 0 0 0 0 0 1 0 0 0 0 0 0 0 0 0 0 7 0 0 0 8 0 0 0 0 0 0 0 0 0 0 0 0 0 3 0 6 0 0 0 0 0 18 0 20 0 0 0 
16 0 0 0 4 0 0 0 0 0 20 0 0 0 0 0 0 0 0 6 0 0 0 0 2 0 1 14 0 0 0 0 0 17 19 0 0 0 0 3 9 5 0 0 0 0 0 11 0 0 0 0 0 10 0 0 15 0 0 0 0 0 0 0 0 0 0 0 0 0 0 0 0 0 0 0 0 0 0 0 0 0 7 0 0 0 0 0 0 0 18 0 0 13 0 0 8 0 12 0 
0 0 9 4 0 0 0 0 0 0 0 0 0 0 11 1 0 0 0 0 0 0 0 0 0 0 0 0 0 0 0 0 0 0 0 0 0 0 0 0 13 0 19 6 0 14 0 0 0 0 0 15 0 0 0 0 0 0 0 0 0 0 20 0 0 0 17 0 8 0 0 16 0 12 3 0 0 0 0 10 0 0 18 0 0 0 0 0 0 0 2 0 0 0 0 7 5 0 0 0 
0 0 0 0 0 0 0 0 0 0 0 0 0 0 0 0 0 0 0 0 0 0 0 0 0 0 0 1 0 0 0 0 0 18 0 0 0 0 8 7 0 0 2 0 0 0 0 0 0 0 13 19 0 0 0 0 0 0 0 0 0 4 0 17 0 0 0 6 0 5 0 0 0 20 10 0 0 0 0 0 0 0 15 0 0 11 0 0 0 9 0 16 3 0 12 14 0 0 0 0 
0 0 0 2 0 0 0 16 18 1 0 14 0 0 0 6 15 0 0 0 0 0 0 12 0 0 0 0 0 0 0 0 0 0 0 0 0 0 0 0 17 8 0 0 0 4 0 20 0 9 0 0 0 0 0 0 0 0 13 0 0 0 0 0 0 0 0 0 0 0 0 7 19 0 0 0 0 0 0 0 0 0 0 0 3 10 0 0 0 11 0 5 0 0 0 0 0 0 0 0 
0 0 0 0 17 0 0 0 0 0 0 0 0 0 0 0 0 0 0 3 7 9 0 0 19 0 0 11 0 0 0 0 0 0 4 0 0 0 0 0 0 0 0 0 18 8 0 14 0 0 0 0 0 0 5 0 0 0 13 0 12 0 0 20 0 0 0 0 0 2 0 0 0 0 0 0 16 0 0 0 10 0 0 0 0 0 0 0 6 0 15 0 0 1 0 0 0 0 0 0 
13 0 0 0 8 0 0 0 0 0 0 0 0 0 0 0 0 0 0 14 0 0 0 0 16 5 0 0 9 0 0 0 0 12 2 0 0 18 0 0 0 0 0 0 0 0 0 0 3 6 15 0 7 17 0 0 0 0 19 0 0 0 0 0 0 0 0 0 0 0 0 0 0 4 0 0 0 0 0 0 20 0 0 0 0 0 0 10 0 0 0 0 0 11 0 0 1 0 0 0 
20 0 0 0 0 9 0 14 0 8 0 0 11 0 0 0 0 0 0 0 0 0 2 0 0 3 0 6 0 0 0 0 0 0 19 0 7 12 0 0 10 0 0 0 0 0 1 0 0 13 0 0 0 0 0 0 0 16 0 0 0 0 0 17 0 0 5 0 0 0 0 0 0 0 0 0 0 0 0 0 0 0 0 0 0 4 0 0 0 0 0 15 0 0 0 0 0 0 0 18 
4 5 0 0 0 0 0 8 0 0 0 2 0 13 0 0 0 17 0 12 0 0 0 0 0 0 0 18 0 0 0 0 0 6 0 0 0 0 0 0 0 0 20 0 0 0 10 0 0 7 0 0 0 0 0 0 0 0 3 0 0 0 0 0 0 1 15 0 0 0 0 16 0 0 0 0 0 0 9 0 0 0 0 0 0 0 0 11 0 14 19 0 0 0 0 0 0 0 0 0 
0 0 0 9 0 0 0 0 0 0 0 0 0 0 0 4 0 0 0 16 0 0 0 0 0 0 0 0 0 1 0 0 5 0 0 0 13 0 0 0 0 0 7 0 0 0 0 0 0 0 10 18 0 0 0 0 0 0 0 2 15 20 0 0 0 19 6 0 0 12 0 8 0 3 0 0 0 0 0 0 0 0 0 0 0 11 17 0 0 0 0 0 0 0 0 0 0 0 14 0 
0 19 0 0 0 6 0 0 0 0 0 0 0 0 0 0 0 0 0 0 0 0 0 4 0 2 0 0 14 13 0 0 0 3 0 15 0 0 0 1 5 11 0 0 0 0 0 20 0 0 0 0 0 8 0 0 0 0 10 0 0 0 0 16 0 0 0 0 0 0 0 12 0 0 0 0 18 0 0 0 0 0 17 7 0 0 0 0 0 0 0 0 0 0 0 0 0 9 0 0 
0 0 10 0 0 0 0 0 0 9 5 0 0 0 0 0 0 0 8 0 0 0 0 0 17 0 0 0 0 0 0 13 0 0 0 0 0 0 0 0 0 0 1 0 0 0 0 0 0 0 0 0 19 0 0 0 0 0 0 0 0 16 0 0 0 0 0 0 0 0 4 0 14 0 15 0 0 0 0 0 0 0 0 0 2 20 0 0 0 0 12 18 7 0 11 0 0 3 6 0 
0 0 0 0 0 10 0 0 0 0 0 0 0 15 0 0 12 0 0 0 0 0 0 0 0 0 0 8 0 0 2 0 0 0 0 0 0 18 9 0 7 4 0 14 0 0 0 0 0 0 11 17 0 0 0 0 0 0 0 1 0 0 3 0 0 0 0 0 0 0 0 0 0 0 0 0 0 0 0 0 19 5 0 20 0 16 6 13 0 0 0 0 0 0 0 0 0 0 0 0 
0 0 0 0 0 0 0 0 0 0 0 0 0 0 0 0 0 7 5 0 4 0 0 17 0 0 0 0 0 12 0 0 0 0 0 0 0 0 0 0 0 0 0 0 0 0 0 3 16 2 0 0 0 0 0 14 18 0 0 0 0 0 0 0 0 19 0 0 0 0 0 0 10 0 1 0 0 0 0 0 0 0 0 0 0 6 0 0 20 0 0 11 15 8 9 0 0 0 0 13 
0 0 0 0 2 0 18 0 0 0 0 0 0 0 16 0 0 0 19 0 7 0 0 0 12 0 0 0 0 1 20 0 0 0 0 0 0 0 5 0 0 0 0 0 0 0 0 0 11 0 0 13 0 0 9 0 0 10 8 0 0 0 0 6 0 0 0 0 0 0 17 0 0 0 0 0 0 0 0 0 0 0 0 0 4 15 0 0 0 0 3 0 0 0 0 0 0 0 0 14 
0 0 0 15 19 0 0 12 0 0 0 3 0 10 8 0 0 0 0 0 0 4 0 0 11 0 0 0 0 0 0 0 1 5 0 0 0 18 0 9 0 0 6 0 0 0 0 0 0 0 7 0 2 0 0 0 0 0 0 0 0 0 0 0 0 0 0 0 13 14 0 0 0 0 0 0 0 0 0 0 0 0 0 17 0 0 0 0 0 16 0 0 0 0 0 0 20 0 0 0 
0 15 0 0 0 0 19 0 0 0 0 0 0 2 0 13 0 0 0 0 0 0 0 0 0 0 0 0 0 0 0 0 0 0 0 0 0 0 0 0 0 0 14 5 18 0 10 0 12 9 20 6 0 0 0 0 0 0 0 0 0 4 3 0 0 0 17 0 0 0 0 0 0 0 0 16 0 0 0 0 11 0 0 0 0 0 0 0 0 0 1 0 0 7 0 0 8 0 0 0 
0 0 0 3 0 0 14 0 0 0 4 0 0 0 15 0 0 0 0 0 0 0 0 0 0 0 0 0 0 0 0 0 0 0 9 12 0 0 18 0 8 0 0 0 0 0 0 0 0 5 0 0 0 7 0 0 0 0 0 0 0 2 0 0 0 0 0 20 0 1 0 11 0 0 0 0 10 0 0 0 13 0 0 0 0 6 0 0 0 0 0 0 19 16 0 0 17 0 0 0 
0 0 0 5 0 0 0 0 0 0 0 0 0 0 0 9 0 0 0 0 14 3 0 0 0 0 0 0 0 13 0 0 0 0 0 0 10 0 0 0 0 0 0 11 0 0 0 0 12 0 0 7 0 0 0 0 0 17 0 18 0 19 0 0 0 0 2 1 0 0 0 0 0 0 0 0 0 0 0 0 0 8 0 0 6 0 0 20 0 0 0 0 4 0 0 15 16 0 0 0 
0 19 0 0 0 0 0 0 0 0 1 0 0 0 8 0 9 7 0 0 0 0 0 0 0 0 18 0 0 0 0 2 0 0 5 0 10 0 3 0 0 0 0 0 0 0 0 0 0 17 0 0 0 6 12 0 0 0 0 0 0 0 0 0 0 0 13 16 0 0 0 0 0 0 0 0 0 0 0 0 0 4 0 0 0 0 0 0 0 20 0 0 0 0 0 0 15 11 14 0 
0 0 0 0 0 17 0 7 0 0 0 0 20 0 18 0 0 0 0 3 0 0 0 0 0 12 0 0 0 8 10 0 0 0 0 0 0 0 0 2 0 0 0 0 0 0 9 0 0 0 0 0 0 0 0 0 0 0 0 0 14 0 0 0 6 13 0 0 0 0 0 0 19 5 0 0 0 0 0 0 0 15 1 0 0 0 0 0 0 11 0 0 4 0 0 0 0 16 0 0 
0 0 13 0 11 7 0 0 0 0 5 8 0 12 0 0 0 0 0 0 0 0 0 3 0 0 17 0 1 0 0 0 0 0 0 0 0 0 0 0 0 0 0 0 0 0 0 0 0 0 0 6 0 0 0 0 16 0 4 0 10 0 0 0 0 0 0 15 0 20 14 0 0 0 0 0 0 0 0 0 0 18 0 19 0 9 0 0 0 0 2 0 0 0 0 0 0 0 0 0 
0 19 0 13 17 0 8 0 0 0 0 0 0 0 0 0 10 0 0 0 0 0 0 0 0 0 0 0 0 12 0 0 0 6 0 15 4 0 0 0 0 0 0 0 0 1 0 0 3 0 0 0 0 0 0 7 0 0 14 0 0 0 0 0 0 0 16 0 0 0 0 0 0 0 0 0 9 0 2 0 0 0 18 0 0 0 0 0 20 0 0 0 0 11 0 0 0 0 5 0 
0 0 2 0 18 0 10 0 0 0 0 0 0 8 0 0 4 0 0 0 0 0 0 0 15 0 12 0 0 0 0 0 0 0 3 0 0 0 14 0 0 0 0 0 0 0 0 0 0 0 0 0 0 0 0 0 0 0 0 6 0 0 0 11 0 0 0 0 1 0 0 0 20 0 0 0 0 5 16 9 0 0 0 0 0 0 0 0 17 0 0 0 0 19 0 7 0 0 13 0 
0 0 0 0 0 17 0 0 0 3 0 0 0 0 0 0 0 0 0 0 0 0 5 20 0 0 0 0 0 0 0 0 1 0 0 0 0 0 6 0 0 18 0 19 0 0 10 0 0 0 0 0 0 0 0 0 0 7 14 0 0 8 4 0 0 0 0 15 0 0 0 0 0 16 0 0 0 0 2 9 13 0 12 0 0 0 0 0 0 0 0 0 0 0 0 11 0 0 0 0 
11 0 0 0 0 0 0 0 0 18 0 0 9 0 0 0 0 0 0 0 0 0 0 3 0 0 17 0 8 0 0 0 0 0 0 0 0 0 0 0 0 0 0 0 0 0 0 0 0 0 2 0 0 0 0 0 0 14 5 0 0 0 0 0 0 0 4 0 12 0 0 0 0 0 7 0 0 0 1 10 0 0 0 0 15 19 0 0 20 0 13 0 6 16 0 0 0 0 0 0 
0 0 0 0 0 15 0 0 0 14 20 12 0 0 0 10 0 0 0 0 0 0 6 9 0 0 0 0 0 0 0 16 0 0 0 0 0 0 0 4 0 17 0 0 0 0 0 0 0 0 0 0 0 0 0 18 0 0 0 0 0 0 0 0 0 0 0 3 19 0 0 0 0 0 0 7 0 0 0 13 1 11 2 0 0 0 0 8 0 0 0 0 5 0 0 0 0 0 0 0 
0 0 0 0 7 0 0 0 17 0 0 5 0 14 0 0 9 0 0 4 0 15 0 0 0 0 0 11 1 0 0 0 0 0 0 18 0 0 0 0 10 16 0 0 20 0 0 0 0 0 0 0 2 0 0 0 0 0 0 0 13 8 0 0 0 0 0 19 0 0 0 0 0 0 0 0 0 0 0 0 0 0 0 12 0 0 3 0 0 0 6 0 0 0 0 0 0 0 0 0 
0 0 13 0 0 5 0 0 0 4 0 0 0 19 0 0 0 8 0 0 0 0 0 0 0 0 7 0 10 9 0 18 0 0 0 0 0 0 6 0 0 0 0 0 11 0 0 0 0 0 0 0 0 0 0 0 0 1 0 0 0 2 0 0 0 0 0 0 14 0 0 0 0 0 0 16 20 0 12 0 0 0 0 0 0 0 0 0 0 0 0 0 17 0 0 0 0 3 15 0 
0 0 0 0 0 16 6 0 0 8 0 0 0 0 0 0 0 0 20 0 0 0 0 0 0 0 0 2 9 0 0 0 12 0 0 1 0 7 0 0 17 19 14 0 0 0 0 0 0 0 10 0 0 0 0 0 0 0 0 0 0 0 0 0 0 0 0 5 0 0 15 18 0 4 0 0 0 0 0 0 0 0 0 0 0 0 0 0 13 0 0 3 0 0 11 0 0 0 0 0 
0 0 0 0 0 0 0 0 12 0 0 0 0 0 0 0 3 0 0 0 0 0 7 0 0 0 0 0 0 0 0 0 0 4 0 0 8 0 0 0 0 0 0 0 17 0 0 9 0 0 0 16 0 0 0 0 0 20 0 0 0 0 0 0 1 0 0 19 0 0 13 0 0 0 15 5 6 10 0 0 2 0 0 0 0 0 14 18 0 0 0 0 11 0 0 0 0 0 0 0 
0 0 0 0 0 0 0 0 0 0 0 0 19 14 0 7 0 0 8 0 0 0 0 0 0 0 0 6 0 0 3 0 0 0 0 0 0 0 0 0 0 4 0 16 0 0 0 0 0 0 0 0 17 0 0 20 0 0 0 0 0 2 0 0 0 0 0 15 0 0 0 11 0 0 10 0 0 0 0 0 0 1 0 0 0 18 0 13 0 0 9 0 5 0 0 0 0 0 0 12 
0 0 6 16 19 0 0 0 0 0 0 0 0 0 0 0 0 0 0 0 0 0 0 0 0 0 0 0 0 0 0 14 0 0 0 0 0 0 0 0 15 0 0 1 0 0 0 0 3 0 0 11 17 0 0 0 0 0 10 0 0 0 13 0 0 18 5 2 0 0 0 0 20 4 0 0 0 7 12 0 0 0 0 0 0 0 0 0 0 0 0 0 0 0 0 8 0 0 9 0 
0 0 0 0 0 0 0 0 0 0 3 0 0 0 11 0 5 7 0 0 0 6 0 0 0 0 0 0 0 0 0 0 12 18 13 0 0 0 2 14 15 0 9 0 0 0 0 0 0 10 0 0 0 0 0 0 0 0 0 0 20 0 0 0 0 0 0 0 19 8 0 0 0 0 0 0 17 0 0 0 0 0 0 1 0 0 0 0 0 0 0 0 0 0 0 0 4 16 0 0 
0 0 0 0 0 6 0 0 0 0 0 0 0 0 18 0 0 8 1 0 0 0 0 12 0 4 0 0 5 0 0 0 16 0 0 0 0 0 0 19 0 14 0 0 0 2 0 0 0 0 0 0 0 0 0 0 0 0 0 0 3 0 9 0 0 11 0 0 0 0 17 0 0 0 0 15 0 13 0 0 20 0 10 0 0 7 0 0 0 0 0 0 0 0 0 0 0 0 0 0 
0 0 0 12 0 0 0 0 1 0 0 0 15 0 6 0 0 0 0 0 0 19 0 0 0 0 10 0 0 0 0 0 0 0 0 0 0 0 0 0 0 0 0 0 0 0 0 0 0 0 0 0 11 0 2 0 0 0 0 0 0 0 0 0 0 3 0 8 0 7 0 0 0 14 0 5 0 0 0 13 9 0 4 0 0 0 20 0 0 18 0 0 0 16 0 0 17 0 0 0 
2 0 14 0 0 0 0 0 0 20 0 0 0 0 0 0 0 0 6 0 0 0 9 16 0 3 0 7 0 0 0 0 0 1 0 13 0 0 5 0 0 0 0 0 0 10 0 0 0 0 0 0 0 0 19 0 12 0 0 0 0 0 0 0 4 0 0 0 0 0 0 0 0 0 0 0 15 0 0 0 0 0 0 0 0 8 0 0 0 0 11 0 0 18 0 0 0 0 0 17 
0 0 0 0 0 16 0 0 2 10 0 0 0 0 0 0 0 0 0 0 6 0 0 0 0 0 0 0 0 5 0 0 12 0 0 0 0 0 0 0 0 8 0 13 4 0 0 0 7 0 0 0 0 0 1 3 0 0 0 0 0 0 19 17 0 0 0 0 0 0 0 15 0 0 0 0 20 0 0 0 0 14 0 0 0 0 9 0 11 0 0 0 0 0 0 0 0 0 18 0