100 50  
0 0 18 20 0 7 13 0 0 0 5 0 15 0 0 9 4 3 0 0 0 0 0 16 0 8 0 12 19 1 0 0 0 6 0 0 0 10 0 0 0 11 2 14 0 0 17 0 0 0 
0 14 5 0 0 0 0 16 20 10 0 0 3 0 0 18 0 0 0 0 0 0 0 2 0 0 0 19 0 0 0 12 13 9 7 15 4 0 0 1 17 0 0 0 8 0 11 0 6 0 
0 10 0 0 0 0 0 0 0 0 1 0 12 17 15 0 0 0 5 16 0 0 13 0 0 18 0 0 7 0 0 9 4 0 6 0 0 0 0 2 3 19 20 0 0 11 0 0 8 14 
0 0 3 0 7 1 16 0 5 19 0 14 0 0 0 0 0 9 0 0 0 10 0 0 0 8 0 2 13 6 0 0 11 12 18 0 0 0 0 17 0 0 0 0 0 0 15 20 4 0 
8 0 0 5 19 6 10 9 0 0 0 0 0 0 18 0 16 0 0 12 3 13 0 0 0 0 0 7 0 0 17 0 11 0 1 0 0 0 0 15 0 0 0 14 2 0 0 0 20 4 
0 10 15 0 0 0 0 14 6 8 4 7 17 0 0 0 0 1 0 0 16 0 12 9 18 2 0 0 0 0 20 0 0 0 5 0 0 0 0 0 0 0 0 11 0 19 13 3 0 0 
0 20 7 0 10 0 0 19 0 16 0 0 0 0 0 0 0 0 2 9 5 18 0 17 13 8 4 0 0 0 1 0 11 0 0 0 0 0 12 0 14 0 0 0 15 0 3 0 0 6 
17 0 0 0 0 0 0 12 15 7 10 0 0 0 18 5 0 11 2 0 0 0 0 14 0 20 8 16 19 0 0 0 0 13 0 3 0 0 0 0 0 0 0 4 9 0 0 1 0 6 
9 0 4 1 8 0 19 0 0 0 0 17 20 0 0 0 0 15 0 6 2 5 0 0 0 0 0 12 0 0 0 13 0 3 0 0 0 11 0 0 7 14 0 10 0 18 0 0 16 0 
0 0 0 3 12 0 4 15 2 0 0 0 0 0 0 0 0 0 16 0 13 0 0 0 0 6 0 0 9 20 5 0 14 0 0 18 0 7 0 1 8 0 11 17 10 0 0 0 0 19 
14 0 0 0 0 0 13 0 7 0 0 0 0 0 8 0 0 0 0 9 4 10 3 12 0 0 19 11 0 0 16 0 0 17 0 5 20 0 0 18 0 0 0 1 0 0 6 2 0 15 
17 15 8 0 0 5 0 0 7 20 0 0 0 0 0 0 0 19 10 0 12 0 0 0 0 0 18 0 0 13 6 1 16 11 0 0 4 0 0 0 0 3 0 9 0 2 0 0 0 14 
6 0 0 0 5 0 0 10 3 7 0 0 13 18 0 0 0 0 0 19 0 9 0 8 0 4 0 0 0 0 0 0 15 20 16 12 11 0 0 0 14 0 0 17 0 0 2 1 0 0 
13 16 0 0 20 0 0 0 17 0 18 0 0 0 3 8 0 0 11 0 0 0 0 6 14 2 0 0 0 1 0 0 4 19 0 10 0 0 9 5 0 0 0 7 0 0 15 0 0 12 
10 0 16 0 0 18 5 6 0 15 12 0 0 11 3 17 0 0 0 0 0 0 0 0 0 0 14 4 0 0 0 2 0 0 0 7 13 0 19 0 0 9 0 8 20 0 0 0 0 1 
0 0 0 0 0 20 0 12 0 0 17 0 0 6 0 0 11 0 15 2 0 14 0 3 0 0 9 19 5 0 0 0 0 1 0 10 16 0 0 8 0 0 0 13 0 18 7 4 0 0 
0 0 0 4 0 0 5 17 0 0 0 7 3 9 0 0 0 20 14 0 6 0 0 0 16 12 0 0 0 1 0 0 0 15 0 0 0 0 0 10 11 0 8 18 0 2 13 0 19 0 
4 0 7 0 0 0 16 6 19 0 13 14 15 0 18 0 0 1 0 0 0 0 17 0 5 0 0 0 0 0 20 10 11 8 0 0 2 12 9 0 0 0 0 3 0 0 0 0 0 0 
4 11 0 8 0 0 0 0 0 1 0 0 18 0 10 0 0 0 6 7 0 16 0 0 3 0 0 15 17 0 0 9 0 0 0 12 14 13 0 0 0 20 5 2 0 0 0 19 0 0 
0 17 8 0 0 0 0 12 0 0 13 20 0 0 14 9 0 4 0 11 0 1 0 0 0 15 0 0 0 0 0 0 6 0 5 0 16 0 0 0 0 2 7 3 10 18 0 19 0 0 
0 0 15 0 10 4 9 5 6 17 0 18 8 0 14 0 0 0 0 20 0 16 0 0 1 19 13 0 0 11 7 0 0 0 0 3 0 0 2 0 0 0 0 0 0 0 12 0 0 0 
19 0 12 0 5 16 1 17 0 0 0 10 0 20 0 18 0 0 0 4 0 6 7 0 0 0 0 0 0 3 0 2 8 0 0 14 15 0 0 0 11 0 0 13 0 0 0 0 9 0 
0 0 0 14 7 0 0 1 0 10 0 17 0 4 0 0 6 11 0 0 0 3 19 0 0 0 0 12 0 15 0 0 9 0 0 0 5 8 13 0 0 20 16 0 0 0 0 0 18 2 
0 0 0 0 0 6 0 10 0 17 0 0 0 11 18 0 7 0 0 0 0 0 16 1 0 3 2 8 0 9 14 13 0 15 0 0 0 4 0 5 0 0 0 0 12 19 0 0 20 0 
19 0 7 0 0 0 0 10 0 0 0 0 0 16 0 0 20 1 0 0 0 0 0 0 0 0 14 15 4 12 0 0 0 0 0 0 0 17 5 0 0 0 8 13 18 2 3 9 11 6 
0 0 0 6 7 20 11 0 0 10 0 0 0 0 0 0 0 0 17 0 0 15 3 0 14 18 0 0 9 0 0 5 19 12 0 0 0 4 0 0 0 8 1 0 0 0 13 2 0 16 
13 14 2 0 0 19 6 0 5 0 0 0 0 11 17 0 12 9 0 0 8 18 0 0 0 0 0 0 10 20 0 0 0 0 0 0 0 0 1 7 0 15 0 0 16 3 0 0 4 0 
0 12 14 11 5 18 0 4 1 0 0 0 0 0 0 0 19 3 0 0 0 7 13 0 0 0 2 0 0 9 15 0 0 0 0 0 6 0 20 8 0 0 0 16 0 0 0 17 10 0 
0 8 0 0 0 2 9 6 0 0 0 0 0 5 0 0 13 0 0 18 14 16 1 11 0 0 0 0 12 0 17 20 7 0 19 0 0 0 4 0 3 15 0 0 0 0 0 10 0 0 
0 0 0 0 20 0 13 0 12 18 1 0 0 0 0 0 0 15 0 0 0 9 0 0 0 3 0 0 7 0 0 0 0 0 11 6 0 10 0 0 17 2 19 8 14 16 5 4 0 0 
19 0 0 4 20 17 0 2 0 6 0 0 0 18 0 0 10 12 16 0 0 0 0 3 0 0 0 14 15 0 0 11 0 5 0 0 0 0 0 0 0 0 9 0 1 0 8 0 7 13 
19 2 0 3 0 13 6 10 17 0 0 0 0 5 0 0 0 4 0 0 14 0 7 0 0 0 16 0 1 0 0 0 0 15 8 18 0 0 11 12 20 0 0 0 0 9 0 0 0 0 
0 0 0 2 10 0 11 19 20 0 0 0 0 18 0 0 0 15 0 0 0 0 0 7 14 4 0 5 1 0 6 16 0 12 17 0 0 0 0 0 0 3 8 0 13 0 0 0 0 9 
0 0 0 5 0 0 11 0 8 17 12 19 0 2 0 14 0 0 7 0 3 0 20 0 0 0 0 6 16 0 0 10 0 0 0 0 0 0 15 0 0 9 13 0 0 4 18 0 0 1 
0 6 0 0 0 0 0 4 0 0 15 0 0 0 3 0 0 0 0 13 7 12 16 20 0 0 0 0 0 0 0 1 11 5 14 0 2 0 17 9 10 19 0 0 18 0 0 8 0 0 
0 0 0 12 0 19 0 14 0 16 1 0 0 0 6 8 0 0 0 0 0 7 3 15 13 10 0 9 0 0 5 4 20 0 0 17 11 0 0 0 0 0 0 0 0 0 18 0 0 2 
0 0 7 0 18 14 0 0 12 0 9 0 1 0 13 4 0 0 0 0 10 19 0 0 17 16 2 6 0 15 0 0 3 0 0 0 0 0 8 0 11 0 0 5 0 20 0 0 0 0 
0 0 0 6 15 3 12 0 0 7 0 0 0 20 0 0 0 8 0 0 13 2 0 16 5 0 17 0 10 0 0 9 0 0 4 0 0 0 18 0 0 14 0 0 0 0 11 0 1 19 
0 0 10 15 0 0 0 12 0 6 0 0 2 0 0 0 0 0 0 18 0 19 13 0 0 11 0 1 0 0 5 0 0 16 20 7 0 4 0 0 0 8 0 14 0 9 0 0 17 3 
0 0 3 15 0 5 0 0 0 0 6 0 0 4 13 8 0 18 0 0 0 0 20 0 0 16 11 0 2 0 12 0 17 0 1 7 0 0 0 0 9 0 19 0 0 0 14 0 10 0 
2 0 0 18 10 0 15 5 6 0 0 1 4 0 0 0 8 9 14 11 0 0 0 0 0 19 16 0 0 0 0 0 0 0 0 13 3 0 0 0 0 0 7 17 20 0 0 0 0 12 
0 0 0 0 0 12 18 11 0 0 10 0 6 0 3 0 0 4 19 0 1 17 16 0 8 13 0 20 14 0 0 5 0 0 0 0 0 9 0 0 0 0 15 0 2 0 0 7 0 0 
0 12 19 0 17 6 0 0 0 18 5 0 0 0 20 8 0 7 0 0 0 0 2 0 10 13 0 1 16 0 0 0 0 0 0 14 4 0 0 3 0 11 0 0 0 0 0 0 9 15 
0 0 0 0 0 0 12 15 0 0 8 14 0 0 7 2 0 5 3 0 0 0 0 0 0 0 17 0 0 0 1 10 18 0 0 4 0 6 13 19 11 9 0 16 0 0 0 0 20 0 
11 0 0 0 0 2 0 0 0 0 0 18 7 0 0 19 16 0 0 0 8 17 0 0 0 4 15 9 5 0 1 0 0 12 0 0 0 6 0 0 13 0 0 10 0 0 14 20 3 0 
20 0 9 13 0 0 0 8 0 0 0 17 3 10 0 0 12 0 18 19 0 0 5 14 4 6 0 0 0 0 0 11 0 0 0 0 0 2 0 15 0 0 0 0 16 0 7 0 0 1 
0 6 0 0 0 0 0 20 0 0 0 0 0 2 0 4 0 9 17 15 0 3 0 0 0 14 10 0 0 16 0 0 18 0 5 0 13 0 8 1 0 0 19 0 12 0 11 7 0 0 
19 0 0 0 0 9 20 0 0 0 0 0 0 12 0 0 0 13 0 0 0 7 4 16 0 10 0 11 0 6 14 0 0 15 1 0 0 5 8 0 2 0 17 0 0 18 0 3 0 0 
0 12 0 0 0 3 0 11 0 0 0 16 0 0 1 0 2 0 8 0 5 0 6 0 0 0 0 13 0 10 0 0 0 0 0 0 0 9 0 18 15 0 0 7 20 19 14 17 0 4 
14 1 0 13 0 0 0 0 0 20 0 8 2 0 4 0 0 17 0 0 0 7 18 0 12 0 9 0 3 5 0 0 0 0 6 0 16 0 10 19 0 0 0 0 0 11 15 0 0 0 
0 9 0 18 0 0 0 0 0 1 0 16 0 0 0 0 0 0 8 6 19 0 14 0 2 10 11 0 7 0 17 0 0 3 0 0 12 20 0 0 4 5 0 15 0 13 0 0 0 0 
0 0 19 18 0 9 0 0 0 0 1 0 17 0 5 0 0 0 0 0 14 0 7 0 3 0 0 20 8 0 0 11 0 13 2 0 0 0 0 0 0 12 0 0 6 0 15 10 4 16 
0 0 0 0 10 11 0 7 0 0 0 1 0 16 0 0 0 4 13 5 2 18 0 0 12 14 0 0 0 17 9 0 0 20 15 0 8 0 0 6 0 0 0 0 0 19 0 0 0 3 
0 0 0 0 0 13 0 0 10 2 0 0 3 0 17 0 0 8 18 0 0 16 0 0 11 15 0 0 20 6 14 0 0 12 19 0 0 1 0 4 9 7 0 0 0 0 5 0 0 0 
0 0 18 0 0 7 1 0 6 0 10 20 15 14 0 0 0 0 8 5 0 0 0 0 0 2 0 0 12 0 0 0 4 0 16 0 0 17 0 0 9 11 19 0 3 0 13 0 0 0 
17 0 0 14 0 0 0 7 0 0 0 0 11 5 0 0 3 0 0 8 9 12 15 0 0 0 0 6 18 0 1 2 4 16 0 0 0 13 0 20 0 0 10 0 0 0 0 19 0 0 
0 0 0 19 0 0 0 0 0 13 0 0 0 0 0 18 0 0 0 5 0 14 6 20 0 0 2 0 7 0 0 0 0 12 0 16 11 17 0 0 4 8 0 9 1 3 10 0 0 15 
19 0 0 4 0 0 0 0 0 2 12 0 15 0 0 11 1 0 20 0 0 0 0 0 0 13 0 0 14 3 17 6 0 10 18 0 7 0 0 0 0 0 8 0 0 9 16 0 5 0 
14 0 12 0 0 0 0 0 1 0 9 0 0 16 4 17 0 18 0 0 0 11 0 8 0 2 0 0 0 0 0 0 7 0 0 0 0 20 0 0 0 19 15 0 10 3 13 6 0 5 
0 20 0 2 0 6 17 0 0 19 0 0 10 0 0 0 0 0 16 18 7 1 12 9 0 14 15 0 0 0 0 8 0 0 0 0 0 0 5 0 0 0 13 11 0 0 3 4 0 0 
20 0 0 7 19 0 0 0 0 0 0 0 0 0 0 0 0 17 0 2 4 0 16 12 8 0 0 1 5 0 14 0 0 3 0 0 9 0 13 10 6 15 0 0 0 18 11 0 0 0 
0 0 0 0 0 6 0 0 0 0 8 0 10 1 0 0 0 12 0 0 5 0 0 0 0 11 0 0 0 0 0 3 15 0 20 19 0 13 18 0 2 0 0 14 7 16 0 4 9 17 
15 1 5 9 0 0 0 0 0 17 0 0 0 0 6 0 0 8 0 2 0 4 0 0 0 0 0 0 13 0 0 18 0 12 7 3 0 14 0 0 0 19 20 0 16 0 0 0 10 11 
0 0 0 0 0 20 0 16 0 0 0 0 15 0 4 19 0 0 12 13 0 11 1 3 0 0 5 2 0 0 17 0 8 14 0 0 7 0 0 0 18 10 0 6 0 0 0 0 9 0 
0 0 0 9 12 7 8 0 19 17 0 0 0 0 0 0 15 0 0 14 6 10 3 0 0 11 0 0 2 0 0 5 0 1 0 0 0 20 0 0 4 0 0 13 16 0 0 18 0 0 
10 0 16 11 18 0 3 1 9 2 12 0 6 0 0 0 0 0 0 0 0 0 0 0 0 0 0 0 20 0 5 4 0 0 15 0 13 0 0 0 0 14 19 0 7 0 0 17 0 8 
13 0 11 0 2 0 3 15 5 17 0 0 19 0 0 4 0 0 8 0 6 0 0 0 0 7 1 20 0 0 0 16 0 10 0 0 14 0 0 0 0 0 18 12 0 0 0 0 9 0 
0 0 0 3 0 2 0 8 0 4 18 17 0 0 0 0 0 0 0 10 13 0 0 0 0 15 0 20 19 0 0 0 0 11 0 1 14 12 5 0 0 7 0 0 9 6 16 0 0 0 
14 0 0 0 0 0 7 0 11 0 0 13 1 3 0 0 0 0 0 0 0 18 0 0 10 12 0 9 16 0 6 0 20 15 0 2 0 0 0 0 0 5 17 8 0 0 19 4 0 0 
0 0 19 0 0 0 0 0 20 17 8 0 7 10 0 0 0 16 0 0 0 12 2 15 0 18 0 11 0 0 1 6 14 0 13 0 0 0 0 3 0 5 0 0 0 9 0 0 4 0 
0 3 0 0 0 0 0 10 20 13 0 4 0 11 0 0 0 0 5 9 0 0 0 6 0 1 8 7 15 2 0 0 0 0 0 18 19 0 14 0 0 17 0 12 0 16 0 0 0 0 
7 0 0 0 0 5 0 9 16 0 0 0 12 0 10 20 0 0 14 6 0 0 15 0 0 19 0 0 11 0 4 0 2 8 0 13 0 3 17 0 0 0 18 0 0 0 0 0 0 1 
0 2 0 0 0 16 0 3 17 18 0 14 0 0 0 0 12 13 0 0 0 0 0 6 11 9 0 0 15 0 0 0 0 0 0 0 0 5 8 0 0 10 19 0 20 0 1 7 4 0 
15 10 0 0 14 0 13 0 0 0 0 0 12 0 0 20 4 0 0 0 8 16 0 0 5 0 11 0 0 3 0 0 2 18 0 0 0 6 17 19 0 0 7 0 1 0 0 0 9 0 
0 0 10 0 0 0 0 5 8 0 0 0 0 0 15 0 1 19 16 3 0 0 12 0 0 14 0 7 0 0 0 2 0 0 0 4 0 0 6 20 13 0 0 11 18 0 0 0 9 17 
0 1 0 9 0 12 15 7 0 13 2 0 0 0 0 4 0 0 17 18 0 0 0 0 0 0 6 3 8 19 0 0 11 0 20 0 10 0 0 0 0 0 0 0 16 5 0 0 0 14 
0 7 0 15 10 0 0 0 0 0 1 0 0 0 16 18 0 0 0 0 19 0 11 0 3 0 0 0 12 5 0 14 20 0 13 17 4 6 8 2 0 0 0 0 0 9 0 0 0 0 
0 5 0 0 0 0 0 0 16 0 0 15 7 3 6 4 0 0 13 17 0 0 18 12 0 1 0 0 19 0 0 0 0 10 2 0 0 0 0 0 9 8 0 0 11 0 14 20 0 0 
13 0 10 8 0 0 0 6 0 0 14 0 7 0 0 20 0 0 11 0 0 9 0 0 0 0 4 15 18 0 0 0 2 0 0 19 0 1 16 0 0 0 0 17 12 0 3 0 0 5 
0 0 0 0 13 2 0 0 11 15 0 0 0 0 19 0 17 0 0 7 0 0 3 12 18 0 0 0 10 0 1 0 0 9 0 4 0 20 5 14 0 0 8 0 0 16 6 0 0 0 
0 14 11 0 0 0 0 9 16 0 0 0 0 0 2 0 0 1 18 0 0 7 0 0 4 0 12 0 20 0 0 0 6 0 0 0 5 0 13 0 10 0 0 15 3 19 0 17 0 8 
0 0 0 11 0 0 0 2 0 5 0 1 0 0 0 18 0 0 10 6 0 0 0 3 0 0 4 0 15 16 0 0 12 0 17 0 0 0 9 0 20 13 0 19 14 8 7 0 0 0 
0 18 0 0 0 2 0 12 0 9 14 0 0 0 7 0 0 0 0 0 0 0 5 13 0 0 20 0 0 15 16 0 1 0 8 4 0 0 0 3 6 0 0 17 0 0 11 19 0 10 
9 0 0 0 0 7 0 14 0 0 0 0 0 0 0 13 0 0 0 4 12 6 0 8 0 1 11 0 0 2 15 16 0 0 0 0 0 3 0 20 0 0 17 0 10 0 18 5 19 0 
0 0 0 15 0 0 0 0 6 0 0 0 10 0 0 0 16 0 0 8 18 1 17 14 0 12 0 0 3 0 11 0 20 13 19 0 4 9 0 5 0 0 7 0 0 0 2 0 0 0 
0 20 4 2 0 3 0 19 10 0 0 0 0 0 18 1 0 0 17 5 0 8 0 13 0 0 0 7 0 0 9 0 0 0 0 15 0 11 0 0 0 6 0 12 14 0 0 0 0 16 
1 0 16 0 0 7 0 12 5 0 0 3 0 17 11 0 20 10 0 6 9 0 0 0 0 18 0 0 13 0 0 0 0 0 15 0 0 2 0 8 0 0 0 0 0 0 19 14 4 0 
6 20 0 14 0 0 0 15 0 18 0 0 0 0 0 19 0 0 13 9 0 5 17 0 0 1 8 0 0 0 16 0 2 0 3 0 0 0 10 0 0 12 0 7 0 0 11 0 0 4 
1 0 13 0 3 0 0 0 8 6 16 0 0 0 0 0 4 0 0 10 17 12 20 0 0 0 0 0 0 9 0 0 11 0 0 7 0 0 2 0 14 18 0 0 0 5 15 19 0 0 
16 0 0 5 9 0 18 0 10 0 0 13 0 15 0 0 0 0 14 1 0 0 4 0 0 6 0 3 0 0 0 0 0 0 0 17 11 0 0 0 0 2 20 8 0 0 7 0 12 19 
0 0 19 14 0 0 0 0 8 13 0 0 9 0 6 0 12 2 0 0 0 20 0 0 4 0 16 17 0 7 0 0 11 0 0 0 0 5 15 0 3 0 0 0 1 0 18 0 0 10 
0 0 0 0 19 0 7 0 0 1 0 3 11 5 0 0 0 0 0 0 0 4 9 0 0 0 0 0 8 0 0 0 14 10 2 0 6 0 15 0 0 0 20 17 0 18 16 13 0 12 
0 10 4 2 0 0 16 7 15 0 20 1 0 0 0 0 0 14 0 0 0 0 0 13 17 0 0 6 0 0 8 0 0 0 3 5 0 0 18 0 9 0 0 0 12 0 11 19 0 0 
17 0 0 9 0 0 0 0 0 0 15 0 0 19 14 10 0 0 0 18 20 0 0 5 0 0 1 11 6 0 0 0 0 16 13 0 0 0 0 3 8 0 4 7 0 12 0 0 2 0 
0 0 11 13 0 17 0 0 6 10 0 3 0 1 0 0 18 0 7 0 0 5 0 0 4 0 0 8 0 0 0 0 0 14 0 2 0 0 15 19 0 16 0 0 9 0 12 0 0 20 
19 0 0 6 0 0 14 8 18 0 0 15 0 4 9 20 2 0 1 0 12 0 0 5 17 11 0 7 0 0 0 0 0 16 0 0 13 3 0 0 0 0 0 0 0 0 0 0 0 10 
8 0 0 5 14 0 17 20 2 0 4 1 19 9 3 6 11 0 0 0 0 0 0 0 0 0 13 0 0 7 12 0 0 15 0 0 0 0 0 0 0 10 0 0 16 0 18 0 0 0 
0 0 13 7 0 9 6 16 4 10 11 3 0 0 0 18 0 8 0 0 0 0 15 5 0 14 0 0 0 0 0 0 0 0 17 0 0 20 12 2 19 0 0 0 1 0 0 0 0 0 
0 20 0 4 0 3 19 0 17 10 0 8 0 0 11 1 0 13 0 0 12 16 18 0 0 7 0 6 9 0 0 0 0 5 0 0 0 0 0 0 15 0 0 0 0 14 0 2 0 0 
0 0 0 10 8 0 0 0 0 14 0 12 4 3 0 0 0 19 17 0 0 0 0 1 20 9 6 18 0 11 0 0 0 0 5 0 0 0 0 0 16 2 0 15 0 0 0 13 0 7