60 50 
1054 689 472 892 846 989 1216 1011 959 1725 410 903 852 161 1107 1236 498 947 753 680 683 1587 1119 708 1048 1296 883 826 1250 741 476 481 769 679 691 1076 745 1069 1263 1261 738 452 1218 787 790 991 1293 480 729 571 
1342 443 380 1008 684 1219 1092 1442 1674 924 418 635 913 651 858 1406 429 534 1097 1295 1003 1106 623 581 683 862 659 1119 1176 277 629 468 735 1556 771 829 871 964 718 766 1421 583 784 1130 1054 1344 597 1144 410 793 
1375 330 1136 1461 287 413 457 1419 815 945 600 613 1280 436 746 1763 487 346 1288 1020 888 828 1082 1393 881 1142 406 1244 1191 687 595 706 709 1477 707 811 1081 748 1108 586 461 947 959 1089 1260 855 1349 421 392 880 
972 1079 1133 1005 688 1238 1139 800 844 1496 910 317 715 696 964 768 834 1107 926 1368 1446 1034 1666 440 172 1050 747 632 691 1076 602 752 993 875 1130 567 467 972 856 533 1166 849 506 1352 862 955 396 1052 715 547 
427 350 1221 1467 457 1264 441 990 1226 1377 990 1020 937 664 1130 630 657 934 1080 954 381 667 890 539 825 1426 666 1209 1445 548 719 280 1251 747 1078 784 840 786 952 381 722 1111 1706 535 1229 396 1513 570 447 1241 
856 456 404 840 637 752 1183 802 1111 1453 533 1297 162 226 638 765 388 888 890 1154 620 1425 776 719 552 1502 800 1331 1466 484 605 347 1167 1558 779 652 1459 844 619 1297 804 789 380 891 1252 838 1841 1159 372 1337 
1421 866 573 804 1283 684 739 1255 1295 1239 640 458 205 777 225 1051 324 1221 1192 517 941 725 490 940 806 650 1109 679 1200 635 992 632 861 1130 483 1113 666 297 1625 1030 482 1290 1152 1212 1105 950 1643 418 500 1575 
857 748 1221 741 1055 891 693 918 1150 1028 677 701 415 888 1272 360 1578 650 625 1242 995 1169 1099 424 506 893 239 830 1548 464 833 536 625 1111 1077 585 104 1016 644 1343 957 1188 618 828 1208 754 1420 1682 697 997 
1258 921 1019 961 596 328 540 1302 1819 975 807 690 712 432 776 1329 397 976 973 1229 553 1083 935 1006 569 1411 365 1002 926 57 886 596 847 1372 1035 606 1144 687 677 829 1172 633 419 1040 1088 1449 934 1371 651 717 
982 341 607 930 954 932 659 1435 1182 1569 655 802 891 915 265 328 654 1134 541 585 320 873 994 397 526 598 1311 760 1131 708 304 294 996 939 1055 1190 1460 555 1941 690 476 1346 1383 1089 1317 1523 1350 764 607 842 
977 152 862 913 1157 295 1457 608 923 665 760 1311 1339 1524 664 861 775 898 816 471 651 1122 1357 717 479 729 1044 948 1019 565 537 475 925 998 269 490 516 920 1213 118 683 1710 1563 1031 535 627 2130 1179 745 1377 
709 999 788 1045 457 758 601 1088 1011 805 695 1232 1048 494 1164 1143 107 1330 1663 680 924 672 1663 609 496 1139 384 771 1484 261 1322 524 725 779 876 597 697 898 744 578 1529 1219 1251 1154 874 1193 1430 148 745 597 
831 652 1406 1340 720 1403 692 1801 354 903 512 1033 916 734 654 1479 525 296 1458 1215 892 991 924 679 427 726 695 962 792 893 476 782 1317 445 1052 1024 817 1004 755 794 1435 546 580 830 1314 723 1108 420 648 1125 
601 1227 660 832 945 1142 677 907 842 715 255 1251 257 851 1246 408 744 707 1333 625 909 975 982 216 440 1054 435 523 1688 1572 927 255 820 454 954 1111 891 777 956 856 1078 1601 1110 1453 1086 1200 696 843 882 1131 
1085 680 857 1054 437 435 757 1188 715 1198 1149 1255 764 328 598 1002 363 782 922 637 299 489 690 911 135 1280 589 962 1855 853 607 632 818 1016 1803 554 429 815 787 898 880 952 861 1392 1547 1215 1603 1483 610 929 
567 651 1087 989 649 581 537 1128 762 907 686 584 882 594 784 207 743 723 866 1357 1532 1911 1392 1055 1183 1118 422 299 1055 623 1288 949 991 1113 1634 331 168 517 918 670 974 1682 629 1055 634 1137 1320 853 808 555 
1163 817 856 900 503 1019 1171 1354 978 968 444 1567 582 822 1037 1599 64 1004 1179 995 235 1230 1397 348 364 1766 610 741 982 461 954 170 1379 862 600 1024 934 174 511 693 1079 640 1472 1160 630 528 1546 908 947 733 
980 334 619 1252 595 582 1129 1290 923 926 235 308 657 655 707 973 368 410 880 1538 805 1493 1130 1230 128 1019 750 1058 1021 741 1401 390 833 1600 799 1193 1205 825 563 677 1011 1338 935 1747 513 1225 736 334 908 1131 
1324 494 605 816 756 1223 1504 965 973 653 719 917 803 1253 503 778 364 509 1339 1413 1021 1116 1195 523 665 1193 698 749 614 894 190 530 803 1243 1128 1069 1057 280 734 650 904 1327 1040 787 1105 1174 637 627 841 1395 
800 957 434 713 933 555 1356 1302 1531 875 398 1269 752 987 944 574 791 710 1522 1267 614 875 888 759 345 1180 727 938 1040 459 603 530 393 892 661 695 466 1081 468 692 943 940 1024 1522 1979 409 1515 1035 549 1208 
963 636 334 708 341 896 671 1611 1308 1049 830 1063 414 517 1598 1066 691 465 1064 624 504 719 1129 1123 298 761 916 1130 1565 590 482 484 678 1220 508 1159 314 1332 1084 1487 1179 921 834 1234 1232 1315 1147 493 744 669 
1315 1363 842 550 342 753 1547 1346 833 1209 445 706 773 843 522 755 411 857 764 1167 1222 1703 938 1269 452 1036 1102 630 1070 163 926 1204 909 1035 718 173 237 842 1075 1408 927 792 1479 794 890 780 698 916 1033 336 
1210 484 1236 915 1456 1124 1019 1435 1262 1170 493 1228 919 896 807 760 1383 747 999 882 507 966 369 580 903 1336 1106 1039 812 558 739 784 651 1172 312 801 244 210 637 954 741 957 629 756 1426 525 1775 464 633 1089 
875 764 899 1528 348 761 1510 604 813 921 1040 556 650 540 1109 920 822 695 520 949 693 1686 1411 1508 222 846 1188 1314 1161 599 1136 214 545 1384 729 506 810 649 1227 810 769 987 745 1066 813 750 1491 787 302 928 
1514 782 1315 961 883 607 832 1131 813 1550 588 605 1237 517 1396 1149 597 537 927 770 492 510 726 588 738 1410 1079 906 1208 379 476 1120 444 1395 440 954 603 695 861 957 246 1183 1565 1025 1262 277 926 608 927 1389 
710 873 897 1233 704 879 976 992 894 783 737 1066 1085 401 873 1338 353 503 1005 597 993 938 1338 573 540 928 827 1093 819 294 1017 451 664 1630 511 672 750 699 1266 882 676 1054 1007 1322 694 746 1464 773 897 1683 
1699 457 422 676 534 909 1485 1169 1128 1161 459 1020 720 981 866 451 610 2109 1372 510 369 779 827 1020 637 1641 811 1169 919 502 688 488 495 1296 177 775 510 946 596 539 339 813 1733 1317 1368 1306 781 472 1029 1020 
1737 459 1353 853 899 1069 527 1101 464 384 409 836 730 1049 970 1430 1449 756 604 1004 697 1748 878 759 283 510 1110 1060 684 754 1227 346 1231 778 429 461 619 1033 1160 660 1115 882 705 1244 796 993 1175 1211 984 485 
1033 1019 906 1090 597 618 802 894 607 729 761 852 325 1319 935 1120 650 883 1200 851 1000 1300 802 842 633 955 1137 684 1765 505 1017 489 633 800 986 0 660 1170 1142 525 593 1429 770 1237 810 1352 1340 1031 412 890 
875 375 699 1209 1061 794 739 1119 528 1025 816 472 1496 577 592 805 302 1021 1302 822 637 950 923 1378 899 1325 827 1016 1248 696 907 318 946 1251 1026 508 847 328 1104 475 1079 1043 770 1794 816 868 1352 748 386 1006 
1271 1255 1628 972 864 562 690 1283 1479 1450 1048 830 1061 290 1371 1482 586 698 1173 491 132 766 1292 288 627 1308 742 1127 1023 533 867 536 890 856 235 1126 1061 456 1681 417 142 579 1262 1094 516 330 1268 647 693 1122 
686 1016 1635 910 1167 841 626 929 1315 847 931 769 983 543 1242 521 396 1323 519 515 1127 924 940 568 570 1796 241 992 1365 258 648 598 724 729 1470 793 934 667 856 585 540 1009 831 829 777 1660 932 1361 548 1114 
677 870 425 645 504 1342 1077 1678 944 1110 649 131 653 524 975 1803 250 884 838 615 738 1259 1151 1245 561 1204 596 1018 989 563 1590 1079 1299 971 1268 1220 440 906 717 316 1268 685 1332 640 683 962 1199 769 481 357 
672 856 784 570 657 996 549 1202 1305 704 316 382 750 972 1013 88 897 1035 1166 553 545 1145 767 562 627 1137 765 1074 858 799 554 240 830 1050 915 1324 560 1092 1551 917 835 865 1115 1378 1536 1350 812 856 611 1963 
556 1404 1059 1315 720 669 638 1809 859 612 479 556 575 606 650 761 348 694 1518 672 1218 790 911 866 853 743 1380 569 1051 219 1218 913 512 909 571 609 296 666 1228 973 620 1083 636 1867 851 839 1635 875 1275 1424 
717 539 866 1174 995 524 738 779 1149 1473 1071 813 672 548 797 410 556 866 560 694 706 1084 1364 811 739 414 226 1069 1219 708 731 442 507 1160 668 759 627 1100 811 906 1222 1200 1247 922 1406 1343 1301 2060 405 1002 
1162 1052 1243 863 820 1046 185 1383 654 1310 488 718 1127 1211 792 647 604 683 1480 932 405 1208 296 815 629 690 853 1770 1297 570 577 626 473 585 609 933 925 1109 877 248 856 1440 789 1135 1462 680 1131 1020 553 1139 
1653 340 729 671 1512 628 1475 1212 1129 1113 732 856 491 1399 909 879 744 930 505 380 683 997 510 869 472 1225 1345 912 1099 491 1179 611 1103 1127 599 693 476 378 696 1002 153 849 1162 1007 1007 303 1847 548 1330 1140 
799 1356 930 873 614 686 487 1790 619 1467 574 986 815 307 567 1040 555 451 1302 887 1025 1032 584 439 629 913 1321 1466 1023 694 478 634 995 978 733 676 1291 745 711 684 1247 508 584 1301 1295 1258 1260 949 627 915 
777 901 789 1112 579 717 888 1779 944 1017 1409 466 581 634 994 1019 251 559 756 1275 929 1154 793 1066 880 1260 908 979 1171 254 781 239 870 1340 1151 1115 914 504 1570 398 782 850 318 919 1649 907 1272 730 372 578 
939 944 502 869 858 752 1368 1348 793 1381 869 968 1268 337 633 1231 442 579 1263 920 792 849 800 424 528 1473 1142 726 652 754 1008 528 848 919 1255 678 569 662 1032 612 899 720 695 1350 1022 1325 1606 686 569 713 
1241 849 910 708 596 987 1328 1430 1473 1235 941 1233 969 980 978 944 381 964 754 392 819 1080 1058 217 619 1118 560 1191 987 809 435 527 505 1155 942 759 1122 718 838 691 1283 989 934 732 1177 828 1467 70 765 412 
1270 421 1005 777 1285 1236 836 1262 1151 1633 839 655 687 929 255 1078 438 1132 835 761 404 602 811 913 888 1224 555 395 1303 414 673 288 933 823 1297 660 1035 693 1232 279 1188 1079 1347 1240 1529 877 1074 811 343 705 
1098 980 819 826 639 693 286 966 1212 1173 729 378 535 864 1032 1032 438 878 680 1008 958 1249 655 1388 400 907 702 1001 1248 851 1040 674 902 911 721 803 874 710 722 1015 532 1698 643 1154 1127 1278 1457 220 917 1077 
912 949 851 716 988 516 793 1547 1024 1727 1035 471 489 580 986 1181 391 814 390 749 1174 1360 972 814 558 719 435 1283 730 673 667 755 1525 950 920 1015 501 576 362 909 1389 704 998 1164 714 798 1731 1308 862 425 
1384 979 720 721 770 969 726 1138 1209 1085 972 605 437 849 1308 956 1207 632 650 1540 1196 1633 1030 783 817 783 478 972 1214 585 588 69 708 1232 609 639 174 628 855 648 1048 1048 815 1316 1349 861 731 776 1120 538 
864 792 666 362 422 456 937 1743 647 947 1140 890 800 554 1007 973 416 737 1024 479 824 1000 1072 611 945 1109 1043 998 1101 724 1010 694 953 1236 682 473 622 1372 1129 940 451 769 1111 1171 913 1471 1057 812 1263 688 
1136 760 1023 975 459 511 581 942 1105 651 962 194 854 842 1302 553 1040 519 1062 1121 1474 1462 853 1114 458 903 260 974 1298 1051 1006 361 1383 1198 1059 998 337 998 500 555 894 1135 932 1221 1027 727 1415 661 329 925 
1408 629 364 801 379 866 1036 1392 1057 1088 620 521 574 426 688 410 484 584 1168 729 1088 1252 1417 694 919 707 1206 1284 1494 946 1281 250 1195 1580 589 894 755 865 616 1239 755 511 1188 1127 638 1172 1170 812 328 904 
1372 507 636 837 1046 1294 900 1417 407 542 888 1286 777 477 449 1098 866 1100 800 710 873 1329 767 617 854 1321 800 1410 801 332 821 644 910 1035 281 957 1002 855 848 759 758 604 614 1438 639 920 1759 919 1200 624 
1204 1324 432 815 808 685 1414 841 1638 628 1109 673 583 482 1000 1105 391 764 762 784 1238 1268 1114 505 885 793 597 651 1410 646 728 689 1252 1218 1396 1401 263 522 1218 436 1196 638 721 890 899 1130 1054 788 290 822 
313 939 866 928 951 693 999 1408 1214 977 623 476 1111 592 723 560 557 585 1343 1026 1134 1217 1259 646 1018 1470 693 1056 1704 337 868 714 490 629 489 1440 903 825 1119 351 397 1573 1100 1054 852 823 776 971 189 1119 
968 634 848 985 361 574 726 983 954 829 954 1304 1018 582 723 1141 644 1015 1260 944 987 699 1096 485 445 1381 573 1529 1639 493 859 611 310 1138 896 470 772 647 1106 454 852 1186 501 874 881 1179 1938 1184 781 687 
880 1054 447 952 731 685 344 1690 884 743 925 646 916 848 884 647 399 748 1703 1135 423 1442 948 580 817 1111 671 1390 1053 568 733 351 898 1581 730 1129 815 978 1176 1180 860 710 525 1524 675 579 928 968 509 987 
1396 432 905 1106 1183 958 1171 858 1354 1104 535 929 703 657 828 709 702 1069 759 739 748 1191 559 324 613 1182 578 854 1649 427 567 571 529 1428 1107 720 617 599 597 988 552 1214 1475 822 1541 740 763 1145 847 1056 
1171 315 890 1301 1059 569 1089 1024 1069 1141 1036 929 355 767 908 1362 164 1503 406 465 602 774 2005 828 894 1353 758 535 1110 188 903 791 1338 828 1097 936 822 517 1451 748 801 1134 1081 715 1000 795 1424 191 455 503 
561 851 978 747 443 970 993 1583 1545 1244 900 451 487 965 1081 577 173 795 1364 838 192 626 1363 776 655 712 1151 759 1737 577 1177 955 817 731 1050 749 1007 506 971 150 581 1142 1097 994 1534 1123 735 1170 520 997 
1606 483 1020 422 1191 999 1201 1397 935 876 702 873 803 2167 976 1006 984 578 658 1119 820 1123 278 513 472 1028 693 542 1198 832 402 117 756 1635 1429 870 1060 525 584 1029 686 579 721 1019 772 964 1298 815 757 587 
530 555 857 1726 693 728 201 971 413 1258 524 926 798 1211 1338 810 619 471 1241 1121 932 895 1132 834 698 970 366 1225 1069 1083 591 805 1231 804 1002 1255 506 1266 557 418 886 1048 1127 1199 808 894 960 532 785 1231 
523 763 738 795 649 688 972 1556 1137 959 459 825 919 398 1155 1355 311 874 969 758 1356 1074 1413 321 586 964 500 531 1476 759 853 1016 1245 922 1121 949 199 884 744 555 1498 1113 1120 1071 985 1152 906 751 683 550
